81
116
107
177
194
82
137
169
46
15
186
51
88
96
146
105
153
12
9
129
149
7
4
187
140
126
125
95
127
128
2
132
110
180
66
158
120
98
76
143
103
85
71
61
73
123
23
63
26
68
139
158
63
99
142
35
96
193
30
125
110
148
146
6
33
69
165
118
163
26
97
24
145
101
9
40
131
200
68
150
60
28
183
170
164
152
121
128
169
162
77
108
39
82
159
166
72
161
8
22
88
158
16
125
71
20
129
11
25
165
99
150
142
74
23
175
108
139
39
19
21
168
122
49
192
153
46
51
151
97
91
181
172
164
173
118
180
30
116
162
47
54
4
67
82
183
148
90
3
78
146
123
46
188
129
200
169
192
85
9
176
131
31
118
196
187
38
110
27
94
2
114
155
194
98
43
57
148
142
24
136
36
161
6
56
16
96
37
159
55
158
48
140
119
162
66
113
109
141
150
57
143
64
35
1
164
153
124
129
61
38
117
36
126
29
34
17
93
26
5
150
68
51
69
28
170
182
156
187
119
7
109
95
76
70
9
20
100
13
30
37
75
183
42
67
171
44
159
158
94
173
190
113
19
194
92
3
148
71
14
83
20
178
103
183
40
170
48
100
15
186
168
140
122
72
166
146
33
93
1
198
118
104
63
127
6
174
85
57
77
143
90
176
149
23
56
73
97
147
58
93
112
173
134
197
125
53
118
170
39
169
121
179
143
100
41
188
129
79
150
200
147
67
88
122
196
195
34
1
193
3
153
29
142
157
120
189
115
106
103
98
73
65
171
168
107
54
13
180
138
17
173
167
107
124
198
100
108
82
32
8
165
200
101
94
177
131
163
161
160
89
15
13
115
18
153
28
150
120
87
137
155
189
116
91
29
168
130
193
49
136
138
145
67
197
121
179
74
156
149
32
157
83
57
25
9
144
23
116
61
104
36
127
132
160
109
122
125
129
18
184
19
153
185
29
10
21
120
175
162
99
181
165
64
167
87
93
38
163
37
8
22
52
192
88
40
130
77
121
71
9
144
77
28
116
26
165
88
11
38
71
185
39
142
61
87
99
123
58
158
73
3
21
169
159
85
152
106
179
48
140
194
81
76
91
105
34
44
25
8
54
83
80
68
104
182
72
151
18
98
174
59
82
19
45
46
42
195
5
129
71
135
193
75
68
4
108
133
2
188
137
146
20
35
126
113
97
3
23
81
85
89
74
14
143
197
122
6
161
183
141
105
60
169
15
43
111
32
54
130
61
44
81
8
105
189
171
131
191
50
180
187
90
18
83
82
141
135
98
29
150
168
3
23
70
95
100
156
124
195
193
52
183
64
166
130
47
59
97
177
67
160
6
165
179
186
22
152
53
9
171
13
196
180
185
193
148
97
178
141
72
138
48
58
130
161
136
187
151
11
6
190
102
69
155
7
186
122
93
194
152
110
143
54
12
28
24
147
37
113
62
159
2
176
150
96
94
146
134
17
59
89
172
48
32
24
144
197
195
107
67
138
60
166
133
104
164
18
20
157
199
77
62
123
27
50
119
182
169
184
135
42
158
149
71
141
160
134
15
58
17
2
40
145
78
168
185
95
108
161
22
182
138
47
195
43
95
126
176
162
132
49
158
26
4
196
200
7
107
128
105
90
12
108
150
94
112
190
160
65
53
17
1
119
101
73
36
144
185
35
153
59
131
199
24
88
86
44
164
140
25
24
151
48
59
73
97
10
172
200
77
154
134
169
117
104
60
84
14
69
182
142
47
187
166
135
158
179
11
153
91
191
45
105
34
100
197
12
140
39
81
114
89
8
52
62
121
38
138
58
198
60
120
47
189
81
2
111
187
35
70
97
155
87
141
118
5
200
196
93
28
30
82
45
25
142
90
40
186
122
18
71
46
183
55
86
150
116
64
154
144
95
21
121
125
193
49
138
56
61
17
50
177
172
128
169
187
41
176
111
69
73
150
85
162
32
147
12
15
184
138
81
186
99
29
190
127
158
181
197
126
24
61
193
38
34
3
167
115
65
36
165
71
47
40
66
68
140
19
182
25
34
174
57
192
13
193
80
189
182
198
111
106
166
185
66
171
109
186
91
200
81
188
135
105
162
175
75
190
103
115
73
137
154
26
84
98
72
46
77
100
199
47
23
36
197
33
183
191
124
187
42
168
153
18
15
193
158
144
23
167
71
110
19
197
26
102
98
70
96
75
24
17
107
48
133
38
143
88
16
62
142
175
97
115
178
20
199
27
80
172
139
128
169
132
87
125
145
44
59
137
177
106
61
187
104
133
29
116
161
23
199
179
99
101
27
44
68
55
49
194
182
142
59
93
151
78
46
126
94
163
97
8
37
143
56
197
121
30
19
103
183
80
153
34
14
200
1
158
144
48
14
139
89
11
180
46
176
15
73
137
61
190
72
98
20
133
183
135
52
104
47
200
16
122
27
55
95
182
45
188
19
185
134
29
70
172
147
80
115
3
66
112
26
156
117
144
160
196
4
198
32
26
80
149
120
24
81
112
139
144
195
20
83
9
73
87
140
82
113
40
124
23
79
180
103
142
99
178
189
159
89
181
191
119
61
162
59
98
143
194
110
88
34
74
188
10
57
166
41
96
124
162
171
195
155
41
148
11
174
8
192
83
120
73
63
131
109
163
15
35
78
42
193
172
18
145
157
190
198
68
55
50
86
47
77
149
181
90
152
46
188
158
175
48
74
6
178
194
107
191
89
141
181
164
134
128
62
151
1
22
74
42
163
6
97
53
72
49
144
14
120
3
35
106
133
16
170
183
142
84
171
138
37
175
12
129
57
94
105
136
150
59
189
11
17
187
195
85
29
70
133
87
86
105
109
156
76
123
33
184
106
67
149
5
52
28
55
176
2
187
89
50
1
24
27
128
190
183
152
118
64
75
136
171
114
158
93
144
12
91
51
121
140
135
42
31
137
58
200
88
144
155
193
182
120
184
118
171
3
89
125
65
172
30
114
156
29
33
185
151
68
86
35
111
162
136
122
170
13
148
137
129
197
147
159
126
169
23
142
2
81
131
38
63
78
76
110
34
58
137
57
188
62
135
22
78
118
32
116
2
93
84
49
43
119
48
108
159
200
16
28
55
189
25
114
140
170
72
17
112
155
31
193
101
143
50
26
173
54
46
73
184
56
139
24
198
132
126
110
183
6
113
188
82
191
186
38
197
24
147
23
200
176
75
149
146
4
109
133
63
30
119
12
110
150
194
56
42
136
163
35
17
98
118
144
13
10
14
91
74
196
41
142
106
87
89
104
32
161
126
20
72
135
190
108
158
31
176
66
118
96
76
89
149
56
33
106
148
183
25
191
40
114
111
181
132
8
100
12
15
150
98
86
171
65
133
120
162
54
35
41
70
28
103
159
160
10
99
184
200
190
193
130
133
120
95
45
83
105
91
158
182
40
42
17
28
10
84
125
196
150
41
138
71
110
19
90
11
69
109
96
188
53
66
13
51
30
85
25
36
18
50
78
87
23
174
165
57
107
72
50
148
53
134
115
82
194
180
79
171
92
151
15
96
90
32
1
44
146
191
91
122
167
185
55
161
129
119
35
106
38
126
13
9
157
23
36
159
100
94
54
70
142
12
138
34
75
168
98
192
38
2
93
100
56
35
44
159
121
143
148
144
45
39
106
145
14
73
63
114
194
82
78
31
23
107
13
132
71
52
89
46
113
24
158
96
58
156
181
120
75
190
126
128
18
49
199
17
36
198
93
28
156
52
46
44
116
71
155
104
35
12
78
167
50
194
126
149
153
187
4
152
95
64
125
88
195
139
84
8
72
39
108
132
18
136
13
165
47
77
171
175
48
1
160
2
36
137
103
72
168
97
14
136
53
52
176
183
126
92
55
188
13
166
25
156
115
186
153
163
10
87
127
36
190
74
26
20
121
89
125
172
64
37
111
81
56
165
61
29
167
170
42
102
32
141
71
161
99
43
15
104
107
106
27
122
139
38
142
188
116
168
135
5
56
144
58
181
57
20
45
102
50
6
165
62
179
108
8
7
83
186
12
143
80
77
152
96
174
173
31
187
24
92
26
127
101
70
100
197
198
36
84
47
163
143
67
77
118
168
52
138
40
160
157
81
61
155
150
51
9
161
162
116
184
34
82
142
186
74
175
152
136
123
181
125
75
25
71
66
109
196
44
45
10
117
107
93
140
73
99
58
127
156
22
24
77
192
92
102
188
106
55
186
5
94
110
185
153
177
63
45
28
14
162
187
149
148
136
2
88
182
161
95
8
79
191
59
126
66
113
54
75
25
144
165
29
12
71
182
127
19
138
120
103
161
157
45
24
123
7
119
3
46
10
126
47
66
77
192
1
190
15
38
153
43
87
185
149
95
72
102
35
175
152
160
9
131
129
71
62
134
50
105
69
56
191
101
133
125
38
34
127
183
94
37
50
166
121
195
90
180
68
85
91
64
132
103
142
134
186
4
81
93
29
139
137
150
13
76
131
133
174
60
153
102
184
6
20
136
54
130
113
86
39
190
100
172
118
47
192
77
95
70
134
149
106
28
122
184
121
154
79
71
97
145
23
86
43
135
139
169
181
98
159
142
67
99
25
41
186
31
3
37
115
110
14
197
40
88
9
171
183
146
84
96
38
8
69
97
84
83
185
136
113
173
100
71
140
9
63
177
79
46
153
114
10
176
137
172
118
154
110
99
157
156
144
188
53
76
115
32
80
68
193
180
123
138
1
34
61
54
75
96
111
45
55
143
101
76
2
174
68
41
48
142
120
98
79
128
25
99
92
122
23
185
36
175
69
138
188
197
89
189
57
187
173
81
1
6
148
43
161
78
87
115
96
105
199
38
44
65
170
90
27
49
113
109
145
163
126
142
37
100
190
64
199
13
170
86
70
83
185
143
29
175
72
39
121
3
148
9
59
188
144
94
71
124
164
156
24
122
57
65
19
30
127
194
45
31
129
101
102
187
147
93
132
42
117
142
70
26
148
168
195
94
89
107
118
185
19
73
174
79
124
121
155
199
175
111
52
190
50
18
81
30
112
35
130
114
117
157
159
140
162
116
198
48
20
177
179
186
86
147
150
149
103
74
21
29
77
100
127
116
96
153
142
23
184
1
64
82
189
183
152
182
185
173
149
95
85
168
72
187
79
71
163
132
109
117
111
40
129
4
108
45
91
126
35
110
154
9
94
134
102
61
191
103
67
18
90
84
123
14
57
160
198
21
24
122
133
9
37
74
54
39
163
182
58
113
188
164
155
191
36
169
32
134
143
63
88
190
44
72
109
46
99
27
199
22
102
140
68
28
159
83
10
34
91
181
115
139
33
42
40
177
7
158
184
132
95
200
82
4
140
148
55
159
65
27
185
32
14
18
48
86
25
99
104
8
117
162
98
169
122
106
102
19
10
56
91
108
70
173
172
45
121
189
183
22
61
70
190
144
147
53
46
77
88
63
98
42
58
1
30
13
186
28
64
35
91
72
74
153
152
150
123
21
57
99
23
125
196
127
197
119
173
83
32
94
130
142
139
199
82
67
133
2
151
103
123
110
89
126
25
75
77
64
109
116
36
160
118
167
121
102
31
181
24
23
60
26
157
188
96
91
38
28
198
61
47
39
4
173
193
190
29
22
147
50
57
106
133
92
161
149
194
97
192
